additive=34547EEFD1242002 0.829893 0.219972 397.4
basic=4E0CA2B784BF3848 0.855785 0.150233 553.1
burble=4FE256AD1B8D49DF 0.987494 0.230552 1143.3
echo=6D5B9CE5EF393D1F 0.625321 0.146060 1863.2
feedback=488B0B76F7E1E8B4 0.987232 0.307607 755.1
fx=A0B98299F8FBD070 0.506489 0.096326 1203.7
granular=6BA0B4B02F42CE66 0.258406 0.059391 1209.2
instruments=C537E54A37FCC413 0.999905 0.254666 3838.6
latency=E2E069EC074237AA 0.430007 0.049714 2152.6
latency_stereo=E2E069EC074237AA 0.430007 0.049714 2152.6
lead=83B07E550CE847F5 0.740116 0.126871 1509.9
library=1FD60601DD014628 0.999761 0.431274 1041.7
moog_bass=C427A209CF432EA4 0.862617 0.151461 595.1
moog_brass=194826E441D1DECF 0.429383 0.079558 1079.5
moog_lead=A494DCA11BFACCD2 0.678884 0.109251 1490.2
moog_shared=C427A209CF432EA4 0.862617 0.151461 595.1
orbit=4150F358052FAF7E 0.430572 0.114061 722.3
poly=16A5DA57C4B6719F 0.404243 0.085025 1097.9
ringmod=F3B0BB305FDCCF4C 0.991023 0.409947 488.8
sequence=0BA49AB829270B41 0.993886 0.281596 1546.0
stack=15F87EA51816D23B 0.159762 0.048156 1733.8
stereo=93467BB91FBC4BEC 0.984587 0.278026 1946.1
sustained=8E9BD0585AB97A9F 0.736230 0.195551 1944.2
vector=39CD694418E6CE8C 0.811917 0.253597 270.2
velocity=533A01498F9C6747 0.819120 0.140620 888.0
vibrato=7DDF43DF42CA7EE8 0.857705 0.170800 661.9
westcoast=CFB2842D4062B5DA 0.999074 0.433751 1075.8
